{
 "cells": [
  {
   "cell_type": "code",
   "execution_count": 2,
   "metadata": {},
   "outputs": [],
   "source": [
    "#loading required R libraries \n",
    "library(quantmod)\n",
    "library(plyr)\n",
    "library(dplyr)\n",
    "library(data.table)\n",
    "library(corrgram)\n",
    "library(corrplot)\n",
    "defaultW <- getOption(\"warn\") \n",
    "options(warn = -1) "
   ]
  },
  {
   "cell_type": "code",
   "execution_count": 4,
   "metadata": {},
   "outputs": [
    {
     "name": "stderr",
     "output_type": "stream",
     "text": [
      "pausing 1 second between requests for more than 5 symbols\n",
      "pausing 1 second between requests for more than 5 symbols\n"
     ]
    },
    {
     "data": {
      "text/html": [
       "<ol class=list-inline>\n",
       "\t<li>'AAPL'</li>\n",
       "\t<li>'GOOG'</li>\n",
       "\t<li>'IBM'</li>\n",
       "\t<li>'AMZN'</li>\n",
       "\t<li>'AMD'</li>\n",
       "\t<li>'FORD'</li>\n",
       "</ol>\n"
      ],
      "text/latex": [
       "\\begin{enumerate*}\n",
       "\\item 'AAPL'\n",
       "\\item 'GOOG'\n",
       "\\item 'IBM'\n",
       "\\item 'AMZN'\n",
       "\\item 'AMD'\n",
       "\\item 'FORD'\n",
       "\\end{enumerate*}\n"
      ],
      "text/markdown": [
       "1. 'AAPL'\n",
       "2. 'GOOG'\n",
       "3. 'IBM'\n",
       "4. 'AMZN'\n",
       "5. 'AMD'\n",
       "6. 'FORD'\n",
       "\n",
       "\n"
      ],
      "text/plain": [
       "[1] \"AAPL\" \"GOOG\" \"IBM\"  \"AMZN\" \"AMD\"  \"FORD\""
      ]
     },
     "metadata": {},
     "output_type": "display_data"
    }
   ],
   "source": [
    "stocklist <- c(\"AAPL\",\"GOOG\",\"IBM\",\"AMZN\",\"AMD\",\"FORD\")\n",
    "getSymbols(stocklist, from='2020-02-01',to='2020-06-01')\n",
    "# To assign it from yahoo instead of Google\n",
    "#getSymbols(stocklist,src=\"yahoo\", auto.assign=FALSE, from='2020-02-01',to='2020-06-01')\n",
    "options(\"getSymbols.warning4.0\"=FALSE)"
   ]
  },
  {
   "cell_type": "code",
   "execution_count": 5,
   "metadata": {},
   "outputs": [
    {
     "data": {
      "text/html": [
       "<table>\n",
       "<thead><tr><th scope=col>Date</th><th scope=col>IBM</th><th scope=col>AAPL</th><th scope=col>GOOG</th><th scope=col>AMZN</th><th scope=col>AMD</th><th scope=col>FORD</th></tr></thead>\n",
       "<tbody>\n",
       "\t<tr><td>2020-02-03</td><td>142.8427  </td><td>307.0979  </td><td>1485.94   </td><td>2004.20   </td><td>48.02     </td><td>1.08      </td></tr>\n",
       "\t<tr><td>2020-02-04</td><td>145.6162  </td><td>317.2363  </td><td>1447.07   </td><td>2049.67   </td><td>49.45     </td><td>1.12      </td></tr>\n",
       "\t<tr><td>2020-02-05</td><td>152.6670  </td><td>319.8232  </td><td>1448.23   </td><td>2039.87   </td><td>49.84     </td><td>1.14      </td></tr>\n",
       "\t<tr><td>2020-02-06</td><td>153.0869  </td><td>323.5641  </td><td>1476.23   </td><td>2050.23   </td><td>49.32     </td><td>1.14      </td></tr>\n",
       "\t<tr><td>2020-02-07</td><td>151.3798  </td><td>319.1660  </td><td>1479.23   </td><td>2079.28   </td><td>49.73     </td><td>1.12      </td></tr>\n",
       "\t<tr><td>2020-02-10</td><td>152.3863  </td><td>320.6819  </td><td>1508.68   </td><td>2133.91   </td><td>52.26     </td><td>1.13      </td></tr>\n",
       "</tbody>\n",
       "</table>\n"
      ],
      "text/latex": [
       "\\begin{tabular}{r|lllllll}\n",
       " Date & IBM & AAPL & GOOG & AMZN & AMD & FORD\\\\\n",
       "\\hline\n",
       "\t 2020-02-03 & 142.8427   & 307.0979   & 1485.94    & 2004.20    & 48.02      & 1.08      \\\\\n",
       "\t 2020-02-04 & 145.6162   & 317.2363   & 1447.07    & 2049.67    & 49.45      & 1.12      \\\\\n",
       "\t 2020-02-05 & 152.6670   & 319.8232   & 1448.23    & 2039.87    & 49.84      & 1.14      \\\\\n",
       "\t 2020-02-06 & 153.0869   & 323.5641   & 1476.23    & 2050.23    & 49.32      & 1.14      \\\\\n",
       "\t 2020-02-07 & 151.3798   & 319.1660   & 1479.23    & 2079.28    & 49.73      & 1.12      \\\\\n",
       "\t 2020-02-10 & 152.3863   & 320.6819   & 1508.68    & 2133.91    & 52.26      & 1.13      \\\\\n",
       "\\end{tabular}\n"
      ],
      "text/markdown": [
       "\n",
       "| Date | IBM | AAPL | GOOG | AMZN | AMD | FORD |\n",
       "|---|---|---|---|---|---|---|\n",
       "| 2020-02-03 | 142.8427   | 307.0979   | 1485.94    | 2004.20    | 48.02      | 1.08       |\n",
       "| 2020-02-04 | 145.6162   | 317.2363   | 1447.07    | 2049.67    | 49.45      | 1.12       |\n",
       "| 2020-02-05 | 152.6670   | 319.8232   | 1448.23    | 2039.87    | 49.84      | 1.14       |\n",
       "| 2020-02-06 | 153.0869   | 323.5641   | 1476.23    | 2050.23    | 49.32      | 1.14       |\n",
       "| 2020-02-07 | 151.3798   | 319.1660   | 1479.23    | 2079.28    | 49.73      | 1.12       |\n",
       "| 2020-02-10 | 152.3863   | 320.6819   | 1508.68    | 2133.91    | 52.26      | 1.13       |\n",
       "\n"
      ],
      "text/plain": [
       "  Date       IBM      AAPL     GOOG    AMZN    AMD   FORD\n",
       "1 2020-02-03 142.8427 307.0979 1485.94 2004.20 48.02 1.08\n",
       "2 2020-02-04 145.6162 317.2363 1447.07 2049.67 49.45 1.12\n",
       "3 2020-02-05 152.6670 319.8232 1448.23 2039.87 49.84 1.14\n",
       "4 2020-02-06 153.0869 323.5641 1476.23 2050.23 49.32 1.14\n",
       "5 2020-02-07 151.3798 319.1660 1479.23 2079.28 49.73 1.12\n",
       "6 2020-02-10 152.3863 320.6819 1508.68 2133.91 52.26 1.13"
      ]
     },
     "metadata": {},
     "output_type": "display_data"
    }
   ],
   "source": [
    "#Merge the stock Details to form a portfolio\n",
    "ibm<-as.data.table(Ad(IBM))\n",
    "aapl<-as.data.table(Ad(AAPL))\n",
    "goog<-as.data.table(Ad(GOOG))\n",
    "amzn<-as.data.table(Ad(AMZN))\n",
    "amd<-as.data.table(Ad(AMD))\n",
    "ford<-as.data.table(Ad(FORD))\n",
    "portfolio<-join_all(list(ibm,aapl,goog,amzn,amd,ford), by='index', type='left')\n",
    "colnames(portfolio)<-c(\"Date\",\"IBM\",\"AAPL\",\"GOOG\",\"AMZN\",\"AMD\",\"FORD\")\n",
    "head(portfolio)\n"
   ]
  },
  {
   "cell_type": "code",
   "execution_count": 6,
   "metadata": {},
   "outputs": [
    {
     "data": {
      "text/html": [
       "<table>\n",
       "<thead><tr><th scope=col>Date</th><th scope=col>Confirmed</th><th scope=col>Deaths</th><th scope=col>Recovered</th></tr></thead>\n",
       "<tbody>\n",
       "\t<tr><td>2020-05-27</td><td>5691790   </td><td>355629    </td><td>2350088   </td></tr>\n",
       "\t<tr><td>2020-05-28</td><td>5808946   </td><td>360308    </td><td>2415960   </td></tr>\n",
       "\t<tr><td>2020-05-29</td><td>5924275   </td><td>364867    </td><td>2493535   </td></tr>\n",
       "\t<tr><td>2020-05-30</td><td>6059017   </td><td>369126    </td><td>2564693   </td></tr>\n",
       "\t<tr><td>2020-05-31</td><td>6166946   </td><td>372035    </td><td>2641329   </td></tr>\n",
       "\t<tr><td>2020-06-01</td><td>6265852   </td><td>375543    </td><td>2696009   </td></tr>\n",
       "</tbody>\n",
       "</table>\n"
      ],
      "text/latex": [
       "\\begin{tabular}{r|llll}\n",
       " Date & Confirmed & Deaths & Recovered\\\\\n",
       "\\hline\n",
       "\t 2020-05-27 & 5691790    & 355629     & 2350088   \\\\\n",
       "\t 2020-05-28 & 5808946    & 360308     & 2415960   \\\\\n",
       "\t 2020-05-29 & 5924275    & 364867     & 2493535   \\\\\n",
       "\t 2020-05-30 & 6059017    & 369126     & 2564693   \\\\\n",
       "\t 2020-05-31 & 6166946    & 372035     & 2641329   \\\\\n",
       "\t 2020-06-01 & 6265852    & 375543     & 2696009   \\\\\n",
       "\\end{tabular}\n"
      ],
      "text/markdown": [
       "\n",
       "| Date | Confirmed | Deaths | Recovered |\n",
       "|---|---|---|---|\n",
       "| 2020-05-27 | 5691790    | 355629     | 2350088    |\n",
       "| 2020-05-28 | 5808946    | 360308     | 2415960    |\n",
       "| 2020-05-29 | 5924275    | 364867     | 2493535    |\n",
       "| 2020-05-30 | 6059017    | 369126     | 2564693    |\n",
       "| 2020-05-31 | 6166946    | 372035     | 2641329    |\n",
       "| 2020-06-01 | 6265852    | 375543     | 2696009    |\n",
       "\n"
      ],
      "text/plain": [
       "  Date       Confirmed Deaths Recovered\n",
       "1 2020-05-27 5691790   355629 2350088  \n",
       "2 2020-05-28 5808946   360308 2415960  \n",
       "3 2020-05-29 5924275   364867 2493535  \n",
       "4 2020-05-30 6059017   369126 2564693  \n",
       "5 2020-05-31 6166946   372035 2641329  \n",
       "6 2020-06-01 6265852   375543 2696009  "
      ]
     },
     "metadata": {},
     "output_type": "display_data"
    }
   ],
   "source": [
    "#Read Covid Data\n",
    "dfcovid <- read.csv(file = 'data/Covid19_6June/covid_19_data.csv', header = TRUE)\n",
    "dfcovid <- subset(dfcovid, select =c(Date,Confirmed,Deaths,Recovered))\n",
    "dfcovid <- dfcovid %>% group_by(Date) %>% summarise_all(sum)\n",
    "dfcovid$Date<-as.Date(dfcovid$Date)\n",
    "dfcovid <- subset(dfcovid, Date >= as.Date(\"2020-02-01\") & Date<= as.Date(\"2020-06-01\"))\n",
    "tail(dfcovid)\n"
   ]
  },
  {
   "cell_type": "code",
   "execution_count": 7,
   "metadata": {},
   "outputs": [
    {
     "data": {
      "text/html": [
       "<table>\n",
       "<thead><tr><th scope=col>Date</th><th scope=col>IBM</th><th scope=col>AAPL</th><th scope=col>GOOG</th><th scope=col>AMZN</th><th scope=col>AMD</th><th scope=col>FORD</th><th scope=col>Confirmed</th><th scope=col>Deaths</th><th scope=col>Recovered</th></tr></thead>\n",
       "<tbody>\n",
       "\t<tr><td>2020-05-21</td><td>119.12    </td><td>316.85    </td><td>1402.80   </td><td>2446.74   </td><td>54.65     </td><td>1.16      </td><td>5102424   </td><td>332924    </td><td>1948739   </td></tr>\n",
       "\t<tr><td>2020-05-22</td><td>118.39    </td><td>318.89    </td><td>1410.42   </td><td>2436.88   </td><td>55.17     </td><td>1.29      </td><td>5210817   </td><td>338160    </td><td>2056643   </td></tr>\n",
       "\t<tr><td>2020-05-26</td><td>121.76    </td><td>316.73    </td><td>1417.02   </td><td>2421.86   </td><td>53.19     </td><td>1.17      </td><td>5589626   </td><td>350453    </td><td>2286956   </td></tr>\n",
       "\t<tr><td>2020-05-27</td><td>125.54    </td><td>318.11    </td><td>1417.84   </td><td>2410.39   </td><td>52.74     </td><td>1.18      </td><td>5691790   </td><td>355629    </td><td>2350088   </td></tr>\n",
       "\t<tr><td>2020-05-28</td><td>124.53    </td><td>318.25    </td><td>1416.73   </td><td>2401.10   </td><td>51.74     </td><td>1.22      </td><td>5808946   </td><td>360308    </td><td>2415960   </td></tr>\n",
       "\t<tr><td>2020-05-29</td><td>124.90    </td><td>317.94    </td><td>1428.92   </td><td>2442.37   </td><td>53.80     </td><td>1.22      </td><td>5924275   </td><td>364867    </td><td>2493535   </td></tr>\n",
       "</tbody>\n",
       "</table>\n"
      ],
      "text/latex": [
       "\\begin{tabular}{r|llllllllll}\n",
       " Date & IBM & AAPL & GOOG & AMZN & AMD & FORD & Confirmed & Deaths & Recovered\\\\\n",
       "\\hline\n",
       "\t 2020-05-21 & 119.12     & 316.85     & 1402.80    & 2446.74    & 54.65      & 1.16       & 5102424    & 332924     & 1948739   \\\\\n",
       "\t 2020-05-22 & 118.39     & 318.89     & 1410.42    & 2436.88    & 55.17      & 1.29       & 5210817    & 338160     & 2056643   \\\\\n",
       "\t 2020-05-26 & 121.76     & 316.73     & 1417.02    & 2421.86    & 53.19      & 1.17       & 5589626    & 350453     & 2286956   \\\\\n",
       "\t 2020-05-27 & 125.54     & 318.11     & 1417.84    & 2410.39    & 52.74      & 1.18       & 5691790    & 355629     & 2350088   \\\\\n",
       "\t 2020-05-28 & 124.53     & 318.25     & 1416.73    & 2401.10    & 51.74      & 1.22       & 5808946    & 360308     & 2415960   \\\\\n",
       "\t 2020-05-29 & 124.90     & 317.94     & 1428.92    & 2442.37    & 53.80      & 1.22       & 5924275    & 364867     & 2493535   \\\\\n",
       "\\end{tabular}\n"
      ],
      "text/markdown": [
       "\n",
       "| Date | IBM | AAPL | GOOG | AMZN | AMD | FORD | Confirmed | Deaths | Recovered |\n",
       "|---|---|---|---|---|---|---|---|---|---|\n",
       "| 2020-05-21 | 119.12     | 316.85     | 1402.80    | 2446.74    | 54.65      | 1.16       | 5102424    | 332924     | 1948739    |\n",
       "| 2020-05-22 | 118.39     | 318.89     | 1410.42    | 2436.88    | 55.17      | 1.29       | 5210817    | 338160     | 2056643    |\n",
       "| 2020-05-26 | 121.76     | 316.73     | 1417.02    | 2421.86    | 53.19      | 1.17       | 5589626    | 350453     | 2286956    |\n",
       "| 2020-05-27 | 125.54     | 318.11     | 1417.84    | 2410.39    | 52.74      | 1.18       | 5691790    | 355629     | 2350088    |\n",
       "| 2020-05-28 | 124.53     | 318.25     | 1416.73    | 2401.10    | 51.74      | 1.22       | 5808946    | 360308     | 2415960    |\n",
       "| 2020-05-29 | 124.90     | 317.94     | 1428.92    | 2442.37    | 53.80      | 1.22       | 5924275    | 364867     | 2493535    |\n",
       "\n"
      ],
      "text/plain": [
       "  Date       IBM    AAPL   GOOG    AMZN    AMD   FORD Confirmed Deaths\n",
       "1 2020-05-21 119.12 316.85 1402.80 2446.74 54.65 1.16 5102424   332924\n",
       "2 2020-05-22 118.39 318.89 1410.42 2436.88 55.17 1.29 5210817   338160\n",
       "3 2020-05-26 121.76 316.73 1417.02 2421.86 53.19 1.17 5589626   350453\n",
       "4 2020-05-27 125.54 318.11 1417.84 2410.39 52.74 1.18 5691790   355629\n",
       "5 2020-05-28 124.53 318.25 1416.73 2401.10 51.74 1.22 5808946   360308\n",
       "6 2020-05-29 124.90 317.94 1428.92 2442.37 53.80 1.22 5924275   364867\n",
       "  Recovered\n",
       "1 1948739  \n",
       "2 2056643  \n",
       "3 2286956  \n",
       "4 2350088  \n",
       "5 2415960  \n",
       "6 2493535  "
      ]
     },
     "metadata": {},
     "output_type": "display_data"
    }
   ],
   "source": [
    "#Merge Dataset of covid and Portfolio\n",
    "dfcovidportfolio<-merge(portfolio,dfcovid, by = c(\"Date\"))\n",
    "df<-subset(dfcovidportfolio, select =-c(Date))\n",
    "tail(dfcovidportfolio)"
   ]
  },
  {
   "cell_type": "code",
   "execution_count": 8,
   "metadata": {},
   "outputs": [
    {
     "data": {
      "text/html": [
       "<table>\n",
       "<thead><tr><th scope=col>IBM</th><th scope=col>AAPL</th><th scope=col>GOOG</th><th scope=col>AMZN</th><th scope=col>AMD</th><th scope=col>FORD</th></tr></thead>\n",
       "<tbody>\n",
       "\t<tr><td>1.270115    </td><td>0.7161926   </td><td>1.325426    </td><td>-0.574545560</td><td>-0.42680246 </td><td>-0.007775759</td></tr>\n",
       "\t<tr><td>1.450785    </td><td>1.0818515   </td><td>1.030929    </td><td>-0.376013190</td><td>-0.14760085 </td><td> 0.629836466</td></tr>\n",
       "\t<tr><td>1.910093    </td><td>1.1751519   </td><td>1.039718    </td><td>-0.418801929</td><td>-0.07145520 </td><td> 0.948642579</td></tr>\n",
       "\t<tr><td>1.937447    </td><td>1.3100752   </td><td>1.251859    </td><td>-0.373567847</td><td>-0.17298299 </td><td> 0.948642579</td></tr>\n",
       "\t<tr><td>1.826243    </td><td>1.1514501   </td><td>1.274588    </td><td>-0.246728640</td><td>-0.09293223 </td><td> 0.629836466</td></tr>\n",
       "\t<tr><td>1.891808    </td><td>1.2061236   </td><td>1.497716    </td><td>-0.008201983</td><td> 0.40103912 </td><td> 0.789239523</td></tr>\n",
       "</tbody>\n",
       "</table>\n"
      ],
      "text/latex": [
       "\\begin{tabular}{llllll}\n",
       " IBM & AAPL & GOOG & AMZN & AMD & FORD\\\\\n",
       "\\hline\n",
       "\t 1.270115     & 0.7161926    & 1.325426     & -0.574545560 & -0.42680246  & -0.007775759\\\\\n",
       "\t 1.450785     & 1.0818515    & 1.030929     & -0.376013190 & -0.14760085  &  0.629836466\\\\\n",
       "\t 1.910093     & 1.1751519    & 1.039718     & -0.418801929 & -0.07145520  &  0.948642579\\\\\n",
       "\t 1.937447     & 1.3100752    & 1.251859     & -0.373567847 & -0.17298299  &  0.948642579\\\\\n",
       "\t 1.826243     & 1.1514501    & 1.274588     & -0.246728640 & -0.09293223  &  0.629836466\\\\\n",
       "\t 1.891808     & 1.2061236    & 1.497716     & -0.008201983 &  0.40103912  &  0.789239523\\\\\n",
       "\\end{tabular}\n"
      ],
      "text/markdown": [
       "\n",
       "| IBM | AAPL | GOOG | AMZN | AMD | FORD |\n",
       "|---|---|---|---|---|---|\n",
       "| 1.270115     | 0.7161926    | 1.325426     | -0.574545560 | -0.42680246  | -0.007775759 |\n",
       "| 1.450785     | 1.0818515    | 1.030929     | -0.376013190 | -0.14760085  |  0.629836466 |\n",
       "| 1.910093     | 1.1751519    | 1.039718     | -0.418801929 | -0.07145520  |  0.948642579 |\n",
       "| 1.937447     | 1.3100752    | 1.251859     | -0.373567847 | -0.17298299  |  0.948642579 |\n",
       "| 1.826243     | 1.1514501    | 1.274588     | -0.246728640 | -0.09293223  |  0.629836466 |\n",
       "| 1.891808     | 1.2061236    | 1.497716     | -0.008201983 |  0.40103912  |  0.789239523 |\n",
       "\n"
      ],
      "text/plain": [
       "     IBM      AAPL      GOOG     AMZN         AMD         FORD        \n",
       "[1,] 1.270115 0.7161926 1.325426 -0.574545560 -0.42680246 -0.007775759\n",
       "[2,] 1.450785 1.0818515 1.030929 -0.376013190 -0.14760085  0.629836466\n",
       "[3,] 1.910093 1.1751519 1.039718 -0.418801929 -0.07145520  0.948642579\n",
       "[4,] 1.937447 1.3100752 1.251859 -0.373567847 -0.17298299  0.948642579\n",
       "[5,] 1.826243 1.1514501 1.274588 -0.246728640 -0.09293223  0.629836466\n",
       "[6,] 1.891808 1.2061236 1.497716 -0.008201983  0.40103912  0.789239523"
      ]
     },
     "metadata": {},
     "output_type": "display_data"
    }
   ],
   "source": [
    "portfolio_scaled<-scale(subset(portfolio, select =-c(Date)))\n",
    "head(portfolio_scaled)"
   ]
  },
  {
   "cell_type": "code",
   "execution_count": 9,
   "metadata": {},
   "outputs": [
    {
     "data": {
      "text/html": [
       "<table>\n",
       "<thead><tr><th></th><th scope=col>IBM</th><th scope=col>AAPL</th><th scope=col>GOOG</th><th scope=col>AMZN</th><th scope=col>AMD</th><th scope=col>FORD</th><th scope=col>Confirmed</th><th scope=col>Deaths</th><th scope=col>Recovered</th></tr></thead>\n",
       "<tbody>\n",
       "\t<tr><th scope=row>IBM</th><td> 1.0000000</td><td>0.7880989 </td><td>0.8943018 </td><td>0.1894218 </td><td>0.4976569 </td><td>0.3477837 </td><td>-0.2003654</td><td>-0.1855543</td><td>-0.1577844</td></tr>\n",
       "\t<tr><th scope=row>AAPL</th><td> 0.7880989</td><td>1.0000000 </td><td>0.9613121 </td><td>0.5912836 </td><td>0.7201635 </td><td>0.5767576 </td><td> 0.3491539</td><td> 0.3606369</td><td> 0.4065957</td></tr>\n",
       "\t<tr><th scope=row>GOOG</th><td> 0.8943018</td><td>0.9613121 </td><td>1.0000000 </td><td>0.4738084 </td><td>0.6607058 </td><td>0.5110819 </td><td> 0.1690337</td><td> 0.1828707</td><td> 0.2289418</td></tr>\n",
       "\t<tr><th scope=row>AMZN</th><td> 0.1894218</td><td>0.5912836 </td><td>0.4738084 </td><td>1.0000000 </td><td>0.8678298 </td><td>0.5809439 </td><td> 0.8426452</td><td> 0.8600621</td><td> 0.7953344</td></tr>\n",
       "\t<tr><th scope=row>AMD</th><td> 0.4976569</td><td>0.7201635 </td><td>0.6607058 </td><td>0.8678298 </td><td>1.0000000 </td><td>0.5546370 </td><td> 0.5354769</td><td> 0.5559432</td><td> 0.4910896</td></tr>\n",
       "\t<tr><th scope=row>FORD</th><td> 0.3477837</td><td>0.5767576 </td><td>0.5110819 </td><td>0.5809439 </td><td>0.5546370 </td><td>1.0000000 </td><td> 0.5094336</td><td> 0.4871873</td><td> 0.5297476</td></tr>\n",
       "\t<tr><th scope=row>Confirmed</th><td>-0.2003654</td><td>0.3491539 </td><td>0.1690337 </td><td>0.8426452 </td><td>0.5354769 </td><td>0.5094336 </td><td> 1.0000000</td><td> 0.9972291</td><td> 0.9841875</td></tr>\n",
       "\t<tr><th scope=row>Deaths</th><td>-0.1855543</td><td>0.3606369 </td><td>0.1828707 </td><td>0.8600621 </td><td>0.5559432 </td><td>0.4871873 </td><td> 0.9972291</td><td> 1.0000000</td><td> 0.9747287</td></tr>\n",
       "\t<tr><th scope=row>Recovered</th><td>-0.1577844</td><td>0.4065957 </td><td>0.2289418 </td><td>0.7953344 </td><td>0.4910896 </td><td>0.5297476 </td><td> 0.9841875</td><td> 0.9747287</td><td> 1.0000000</td></tr>\n",
       "</tbody>\n",
       "</table>\n"
      ],
      "text/latex": [
       "\\begin{tabular}{r|lllllllll}\n",
       "  & IBM & AAPL & GOOG & AMZN & AMD & FORD & Confirmed & Deaths & Recovered\\\\\n",
       "\\hline\n",
       "\tIBM &  1.0000000 & 0.7880989  & 0.8943018  & 0.1894218  & 0.4976569  & 0.3477837  & -0.2003654 & -0.1855543 & -0.1577844\\\\\n",
       "\tAAPL &  0.7880989 & 1.0000000  & 0.9613121  & 0.5912836  & 0.7201635  & 0.5767576  &  0.3491539 &  0.3606369 &  0.4065957\\\\\n",
       "\tGOOG &  0.8943018 & 0.9613121  & 1.0000000  & 0.4738084  & 0.6607058  & 0.5110819  &  0.1690337 &  0.1828707 &  0.2289418\\\\\n",
       "\tAMZN &  0.1894218 & 0.5912836  & 0.4738084  & 1.0000000  & 0.8678298  & 0.5809439  &  0.8426452 &  0.8600621 &  0.7953344\\\\\n",
       "\tAMD &  0.4976569 & 0.7201635  & 0.6607058  & 0.8678298  & 1.0000000  & 0.5546370  &  0.5354769 &  0.5559432 &  0.4910896\\\\\n",
       "\tFORD &  0.3477837 & 0.5767576  & 0.5110819  & 0.5809439  & 0.5546370  & 1.0000000  &  0.5094336 &  0.4871873 &  0.5297476\\\\\n",
       "\tConfirmed & -0.2003654 & 0.3491539  & 0.1690337  & 0.8426452  & 0.5354769  & 0.5094336  &  1.0000000 &  0.9972291 &  0.9841875\\\\\n",
       "\tDeaths & -0.1855543 & 0.3606369  & 0.1828707  & 0.8600621  & 0.5559432  & 0.4871873  &  0.9972291 &  1.0000000 &  0.9747287\\\\\n",
       "\tRecovered & -0.1577844 & 0.4065957  & 0.2289418  & 0.7953344  & 0.4910896  & 0.5297476  &  0.9841875 &  0.9747287 &  1.0000000\\\\\n",
       "\\end{tabular}\n"
      ],
      "text/markdown": [
       "\n",
       "| <!--/--> | IBM | AAPL | GOOG | AMZN | AMD | FORD | Confirmed | Deaths | Recovered |\n",
       "|---|---|---|---|---|---|---|---|---|---|\n",
       "| IBM |  1.0000000 | 0.7880989  | 0.8943018  | 0.1894218  | 0.4976569  | 0.3477837  | -0.2003654 | -0.1855543 | -0.1577844 |\n",
       "| AAPL |  0.7880989 | 1.0000000  | 0.9613121  | 0.5912836  | 0.7201635  | 0.5767576  |  0.3491539 |  0.3606369 |  0.4065957 |\n",
       "| GOOG |  0.8943018 | 0.9613121  | 1.0000000  | 0.4738084  | 0.6607058  | 0.5110819  |  0.1690337 |  0.1828707 |  0.2289418 |\n",
       "| AMZN |  0.1894218 | 0.5912836  | 0.4738084  | 1.0000000  | 0.8678298  | 0.5809439  |  0.8426452 |  0.8600621 |  0.7953344 |\n",
       "| AMD |  0.4976569 | 0.7201635  | 0.6607058  | 0.8678298  | 1.0000000  | 0.5546370  |  0.5354769 |  0.5559432 |  0.4910896 |\n",
       "| FORD |  0.3477837 | 0.5767576  | 0.5110819  | 0.5809439  | 0.5546370  | 1.0000000  |  0.5094336 |  0.4871873 |  0.5297476 |\n",
       "| Confirmed | -0.2003654 | 0.3491539  | 0.1690337  | 0.8426452  | 0.5354769  | 0.5094336  |  1.0000000 |  0.9972291 |  0.9841875 |\n",
       "| Deaths | -0.1855543 | 0.3606369  | 0.1828707  | 0.8600621  | 0.5559432  | 0.4871873  |  0.9972291 |  1.0000000 |  0.9747287 |\n",
       "| Recovered | -0.1577844 | 0.4065957  | 0.2289418  | 0.7953344  | 0.4910896  | 0.5297476  |  0.9841875 |  0.9747287 |  1.0000000 |\n",
       "\n"
      ],
      "text/plain": [
       "          IBM        AAPL      GOOG      AMZN      AMD       FORD     \n",
       "IBM        1.0000000 0.7880989 0.8943018 0.1894218 0.4976569 0.3477837\n",
       "AAPL       0.7880989 1.0000000 0.9613121 0.5912836 0.7201635 0.5767576\n",
       "GOOG       0.8943018 0.9613121 1.0000000 0.4738084 0.6607058 0.5110819\n",
       "AMZN       0.1894218 0.5912836 0.4738084 1.0000000 0.8678298 0.5809439\n",
       "AMD        0.4976569 0.7201635 0.6607058 0.8678298 1.0000000 0.5546370\n",
       "FORD       0.3477837 0.5767576 0.5110819 0.5809439 0.5546370 1.0000000\n",
       "Confirmed -0.2003654 0.3491539 0.1690337 0.8426452 0.5354769 0.5094336\n",
       "Deaths    -0.1855543 0.3606369 0.1828707 0.8600621 0.5559432 0.4871873\n",
       "Recovered -0.1577844 0.4065957 0.2289418 0.7953344 0.4910896 0.5297476\n",
       "          Confirmed  Deaths     Recovered \n",
       "IBM       -0.2003654 -0.1855543 -0.1577844\n",
       "AAPL       0.3491539  0.3606369  0.4065957\n",
       "GOOG       0.1690337  0.1828707  0.2289418\n",
       "AMZN       0.8426452  0.8600621  0.7953344\n",
       "AMD        0.5354769  0.5559432  0.4910896\n",
       "FORD       0.5094336  0.4871873  0.5297476\n",
       "Confirmed  1.0000000  0.9972291  0.9841875\n",
       "Deaths     0.9972291  1.0000000  0.9747287\n",
       "Recovered  0.9841875  0.9747287  1.0000000"
      ]
     },
     "metadata": {},
     "output_type": "display_data"
    }
   ],
   "source": [
    "#Correlation Coefficient among variables\n",
    "cor(df)"
   ]
  },
  {
   "cell_type": "code",
   "execution_count": 10,
   "metadata": {},
   "outputs": [
    {
     "data": {
